# initial vicon pose

header: 
  seq: 6151
  stamp: 
    secs: 1403715271
    nsecs: 705179810
  frame_id: /world
child_frame_id: vicon/firefly_sbx/firefly_sbx
transform: 
  translation: 
    x: 0.786802375071
    y: 2.17662630844
    z: 1.06203836026
  rotation: 
    x: -0.0092907273684
    y: 0.0226686078795
    z: 0.113663501339
    w: 0.993217209408
---

# initial odometry pose
header: 
  seq: 45
  stamp: 
    secs: 1403715275
    nsecs: 562143087
  frame_id: /world
child_frame_id: /imu
pose: 
  pose: 
    position: 
      x: 0.00121306149267
      y: -0.00153569249148
      z: -0.00217835950845
    orientation: 
      x: -0.0113443468175
      y: 0.829256394401
      z: -0.000637902905634
      w: -0.558752835537
  covariance: [0.0003622314912643685, 5.055046144492871e-06, -1.4399097808822926e-05, -0.0006170162791675542, -1.2107657101938675e-05, 0.0002500222558842304, 5.055046144492871e-06, 0.00047429883182951413, 1.7882696691339245e-05, -0.0005043375969172283, -3.3627715855501085e-06, 0.00019648875206444857, -1.4399097808822926e-05, 1.7882696691339245e-05, 0.0003706452169377559, -6.949790154032267e-06, 7.797894469409771e-06, 2.079318494357812e-06, -0.0006170162791675542, -0.0005043375969172283, -6.949790154032267e-06, 0.0859057160295723, 0.0010757297932331882, -0.03481189675802885, -1.2107657101938675e-05, -3.3627715855501085e-06, 7.797894469409771e-06, 0.0010757297932331882, 2.063519861317726e-05, -0.00043606925212400665, 0.0002500222558842304, 0.00019648875206444857, 2.079318494357812e-06, -0.03481189675802886, -0.0004360692521240067, 0.01411385824594095]
twist: 
  twist: 
    linear: 
      x: -0.00378405965382
      y: 0.00018546663307
      z: -0.00208885121894
    angular: 
      x: -0.0124151397307
      y: 0.00528283109975
      z: 0.000534055203005
  covariance: [3.4088777327211174e-05, 3.7986724888390453e-06, 1.648573589423324e-05, 1.2976988609296769e-06, -5.851924765350246e-06, -2.4702726645779134e-07, 3.7986724888390453e-06, 7.073174295774734e-05, 1.6360637693855402e-06, 1.5339291798095364e-05, -1.3552076059366415e-06, 1.5248676645650209e-07, 1.648573589423324e-05, 1.6360637693855402e-06, 4.241225171851975e-05, 5.157788841119852e-07, -5.560773954502495e-06, -1.4472826286922843e-07, 1.2976988609296769e-06, 1.5339291798095364e-05, 5.157788841119852e-07, 0.00015788332714019264, -4.742059285788454e-07, -6.875801724128765e-07, -5.851924765350246e-06, -1.3552076059366415e-06, -5.560773954502495e-06, -4.742059285788454e-07, 0.00015451796617927912, 9.676056768091693e-08, -2.4702726645779134e-07, 1.5248676645650209e-07, -1.4472826286922843e-07, -6.875801724128765e-07, 9.676056768091693e-08, 0.00015346295952487014]
---



transformPose(target_frame, pose_msg) -> pose_msg
Transforms a geometry_msgs PoseStamped message to frame target_frame, returns the resulting PoseStamped.

lookupTransform(target_frame, source_frame, time) -> position, quaternion
Returns the transform from source_frame to target_frame at time. time is a rospy.Time. The transform is returned as position (x,y,z) and an orientation quaternion (x,y,z,w).

